datasets intilales
d1:124.46888634501813
d2:183.6940003234749
d3:707.8977993894947
d4:994.2410639493896
d5:299.6684457566836
d6:253.163361152557
d7:220.72807894025715
d8:131.7199764253413
d9:961.8951165343154
d10:880.780706746978
d11:350.26295639608134
d12:433.99285388228725
d13:827.2586755686275
d14:636.6917880738757
d15:155.09127367852838
d16:589.1006715040014
d17:43.28225967862318
d18:346.82802406708885
d19:545.353797033097
d20:1010.2867678769171
d21:653.8925658904105
d22:8.987219113181865
d23:98.37455981792341
d24:527.7547610291114
d25:811.3706503445378
d26:650.9335381368005
d27:633.213449765985
d28:834.2262406677755
d29:626.7652940276947
d30:619.9891455915638